334720
1999626
1999632
2346386
2512378
167620
167622
167623
167625
167626
167633
167794
167946
168034
168061
168071
168145
168191
168489
168776
168986
169000
169014
169041
169231
169401
169642
169765
169837
170078
170286
170301
170303
170685
170860
170876
171104
171130
171307
171428
171430
171726
171907
171948
172197
172313
172331
172357
172443
172511
172513
172544
172940
172947
173246
173336
173416
173597
173786
174127
174172
174272
174527
174683
175031
175040
175225
2340763
2340764
2340994
2341000
2341076
2341077
2341152
2341267
2341311
2341312
2341317
2341319
2341327
2341333
2341511
2341550
2341566
2341569
2341591
2341612
2341684
2342194
2342490
2342578
2342601
2342602
2342902
2342961
2343174
2343299
2343334
2343449
2343608
2343760
2343786
2343807
2343832
2343883
2344618
2344658
2344698
2345251
2345252
2345431
2345758
2345918
2345921
2345922
2346106
2346187
2346202
2346203
2346209
2346210
2346211
2346212
2346213
2346222
2346226
2346237
2346252
2346253
2346255
2346261
2346274
2346277
2346289
2346290
2346308
2346327
2346345
